0.00847457627118644
0.0019004837595024188
0.001750853541101287
0.0019383259911894273
0.0018796992481203006
0.0015621116909859056
0.0015714878728577358
0.0015023426359747404
0.0016738082485270487
0.0015099437744620825
0.0015583299002310627
0.001434275935131611
0.001405523407945693
0.0014645131875267688
0.0015543109649573529
0.0015537638278981594
0.0016380523501266534
0.0016535933856264575
0.001647570209526862
0.0016612557194661199
0.00165588312262559
0.0015863053272345841
0.0016177509156305944
0.0015596762787774023
0.0015818374925615974
0.0016277572399024793
0.0016631409007404109
0.0016591474328464266
0.0016912977395466158
0.0016086109098178364
0.0016400869880391447
0.0015791505339868288
0.0015898116030742026
0.0016218504488952174
0.0016067129641985918
0.0016183831729647015
0.0016749911709802734
0.0016524015065580452
0.001642778232112369
0.00160583601361115
0.001606956964465113
0.0016258467489719236
0.0016394578743789768
0.0016484748962032174
0.0016402258671685938
0.0016890320127193213
0.0016863339653786927
0.0016856087760155308
0.00168317583209989
0.001717995820287225
0.0017332443929270506
0.0017604626889146256
0.0017514516536228225
0.0017445101264167693
0.0017480863943142434
0.001743194740229153
0.0017498240400406664
0.0017082878376950441
0.0016949472630614808
0.0017082273427780975
0.001708972485999513
0.0016932405120143722
0.0016602681767692094
0.0016284094369444484
0.0016389323526388524
0.0016364403205398567
0.0016354078964860195
0.001624931441809445
0.0016376910975757332
0.001630084737900928
0.0016266514758759094
0.0016155130477800222
0.0016123785951341488
0.0015992941046710418
0.0016038482465252015
0.0016071520094891527
0.0016007303859338076
0.0015908534250907785
0.001594121237733014
0.001618213010618074
0.0016348886146265286
0.0016386064268654557
0.0016668193467230018
0.0016679361084434435
0.001652631119643948
0.0016312351889666832
0.001639124123686729
0.0016194118700677477
0.001621993270342629
0.0016255539554116112
0.0016037593586592817
0.0016074286382308006
0.0016140384458175568
0.0016117450246989568
0.0016055766704341596
0.0016004187939583948
0.001607772365432703
0.0016037437718918121
0.001602573108617179
0.0016051438787546086
0.0016066513529840564
0.0015872784991945426
0.001576358405024181
0.0015700868585245642
0.0015728380321244
0.00156941100722244
0.001553887752625923
0.0015540696017117088
0.0015457883435478438
0.0015494779153030756
0.001560615022674032
0.001553296449442519
0.001548587232156779
0.0015406565767489382
0.0015377965721732202
0.0015373447665522385
0.001552827032982712
0.0015593340763224866
0.001564204882002681
0.0015573747685192342
0.0015644522117721005
0.0015630583029869922
0.0015669749842020567
0.0015701487714090796
0.001576221905922409
0.0015843146955494892
0.0015923310996872311
0.0016060112362807795
0.0015929957093397734
0.0015935908104119357
0.0015793134023509815
0.0015800208888882641
0.0015814285734216758
0.0015683010694913166
0.0015629360103480935
0.0015698790626846365
0.001573438888527646
0.0015613799855562266
0.0015621933194204663
0.0015656630602945993
0.0015658155931275242
0.0015632556498098213
0.0015543247870347897
0.0015319571284021114
0.0015266110387099914
0.0015231711456967871
0.0015317803379008928
0.0015277382324645628
0.0015249999065563783
0.001523494110847501
0.001524525184172478
0.0015389406958210433
0.0015404627819580806
0.0015462873429900434
0.0015441305071791885
0.001542592698394561
0.0015410981181571636
0.001537834127812409
0.0015340665552468346
0.0015337903947464633
0.0015370436162800891
0.0015407472624222747
0.001525067622535224
0.0015197878185948645
0.0015281070384103633
0.0015257309745207962
0.0015277220090962583
0.0015319616628114232
0.0015355580055113013
0.0015270904201438252
0.0015323759921604925
0.0015321635531936725
0.0015179631908692392
0.001510853050054615
0.0015112860741915654
0.0015143229936407936
0.0015183944592510794
0.001510955602435483
0.0015186273186833718
0.0015226325129010846
0.0015250475326157927
0.0015223248790359222
0.0015171116793228035
0.0015250769103355775
0.0015269230691957335
0.0015327308988157804
0.0015335213048149388
0.001535768022413217
0.0015311390612553963
0.0015275307707207128
0.0015273571612079502
0.0015237999349432302
0.0015289518469256752
0.0015196796599596988
0.0015219401519556907
0.0015332055424929836
0.0015268947697720133
0.0015248525615926822
0.001527013518437205
0.0015291799133619647
0.0015331507427109436
0.0015315880838029038
0.0015309510397919042
0.0015248195599806412
0.0015260244998358333
0.0015254194452166817
0.001522608718304811
0.0015144430845647496
0.0015112567944272572
0.0015076351425545404
0.001507587736229876
0.0015049301705382834
0.0015105700611999166
0.001508772783685786
0.0015035148335839192
0.0015073728226837006
0.0015141943397504088
0.0015158302509033974
0.0015187538064404336
0.0015266936744739016
0.0015261495155127669
0.0015318427196409387
0.0015266882627705805
0.0015299003322259137
0.0015223129233700255
0.0015151926776801128
0.0015122516976971972
0.0015036102968538842
0.0015003437018065878
0.0015040161032471861
0.0014999520692007963
0.0015051495123203286
0.0014995527299447302
0.0015087250756152012
0.0015055195784861965
0.0014999692435328613
0.0015046781669313203
0.001505431675690133
0.0015026509582076906
0.0015045862736749365
0.0015033906421366451
0.0015049259113397494
0.001507964596346566
0.001509051639625041
0.001510897686734721
0.0015085746977175005
0.00150514326371135
0.0015055096925397134
0.001501001914104558
0.0014958019240995026
0.0014958033684319841
0.001489907199432557
0.00149252413208397
0.0014932758601730793
0.0014958723853267953
0.0014955348537452745
0.0014973400748054147
0.0014988007428681552
0.0015006302359376134
0.00150027541460822
0.0014956461426815022
0.001501701098569883
0.0015009932262325034
0.001507726303580021
0.0015119150291101632
0.001525170566308856
0.0015288973102848779
0.0015256616992882562
0.0015252083528096035
0.0015240778776887832
0.0015208986947423994
0.0015235643941391571
0.0015224699088701786
0.001522402226963722
0.001525024355675516
0.0015215614163347111
0.0015255232551491455
0.0015267666727880314
0.0015317244271811463
0.0015296035009519677
0.0015334758609347936
0.0015390023775571295
0.0015349269971336177
0.0015367716247127576
0.0015324134711143167
0.0015339302237687505
0.0015315382592348478
0.0015301384534244491
0.001530674102812803
0.0015295973881160566
0.001529508366820685
0.0015259169704563836
0.001529689138157426
0.0015245100898538448
0.0015238026632898468
0.001523740308551902
0.0015237022795590396
0.0015208273901576004
0.0015207612909823034
0.0015138775213425035
0.00150917988941146
0.0015054615812501659
0.0015060611654667405
0.0015042265546127774
0.0015057939134868513
0.001502722999888484
0.0014993810535573933
0.0015021142212255218
0.0014978967887555145
0.0014928434953773888
0.001490488578018127
0.001487820376025828
0.0014893543489504506
0.0014895563257511634
0.0014925625002220415
0.0014863912492238242
0.0014879236206072788
0.0014882593363381047
0.001489165505974204
0.0014845958786324288
0.001482610812990838
0.0014861597839745599
0.0014873681280155988
0.0014897163651438903
0.0014908927676560795
0.0014952223275851708
0.001490112510840294
0.001496991512070925
0.0014975807329709915
0.0014976010113860081
0.0014979030203271738
0.0015032597088742764
0.0015032620408053485
0.0015015874842662237
0.0015013262806322922
0.0015029971081363725
0.0015005199698317822
0.0015038496895678796
0.0015043957919306803
0.001501917294512465
0.0014994655614122751
0.0014981153842165951
0.0014986701461968575
0.001501665653891228
0.0015068135944043535
0.0015087107919956196
0.0015129966289396948
0.001518333986812767
0.0015164229906893954
0.0015169171528837027
0.0015147832635395804
0.0015200586757232908
0.0015178974667598832
0.00151811587515458
0.001513597795534801
0.0015135759040289306
0.0015145984542597804
0.0015174580029579936
0.001519245071067125
0.0015204886723788394
0.0015189083203643622
0.0015196318119736413
0.0015180382291019952
0.0015177536783885727
0.001517990016999851
0.0015159222215192843
0.0015166540649839773
0.0015178739970487405
0.0015150503009351687
0.0015142682656007107
0.001515520653011586
0.0015169983638958656
0.001515718206843651
0.0015114479039224989
0.0015119255728707536
0.001512904204838015
0.0015126571241159137
0.0015163404053885117
0.0015160572703724585
0.0015187308084971263
0.0015196685482661144
0.001524051828764397
0.00151985653237142
0.001523711722352458
0.0015231883193035523
0.0015248225577431417
0.001523078237539866
0.0015225406797255215
0.0015256040224944651
0.0015269978391381845
0.0015257464487245032
0.0015261854775867943
0.0015242242916546432
0.0015248955227844026
0.001521314964819961
0.0015208363904193323
0.0015215010417887421
0.0015238155599843193
0.0015235471333710795
0.0015263058563242714
0.001528584922497797
0.0015255119709749472
0.0015261701371918563
0.0015238056911257313
0.001521919189355679
0.001523490686672086
0.0015266679585008967
0.0015275324584901444
0.0015245239875195807
0.00152082822401908
0.0015219348706918114
0.001523019609515419
0.0015238949074824156
0.0015209786815799443
0.001517330821920276
0.0015175209955845357
0.001518386036160213
0.001518589091156263
0.001519006796299287
0.0015178640971148176
0.0015169514930741183
0.0015180379341704774
0.0015180083889035957
0.0015179843363724986
0.0015197192354589938
0.0015218875772545968
0.0015211979300981228
0.0015211640500541
0.0015187300782097779
0.0015221811142798383
0.0015217061241310501
0.0015229664926813646
0.0015201176065706994
0.001522245998658429
0.0015256732197631395
0.0015269209408444785
0.0015283684438208666
0.0015266048802687533
0.0015240032508661734
0.0015220624953516293
0.0015215932995830473
0.001525157079703115
0.0015257422235955573
0.0015275953800756284
0.0015292333566711577
0.0015283404714242943
0.0015266243793822922
0.0015278425416820952
0.0015271720092087466
0.001527751282278272
0.00152562675573301
0.001523107244294671
0.0015222452702273082
0.0015180999911835978
0.0015193056176745288
0.001522763881818879
0.00151986616050507
0.0015206417662662263
0.0015251083810612093
0.0015232459315045097
0.001529899044821178
0.0015335035527844283
0.00153509170651491
0.0015289917272471073
0.0015259375692739346
0.0015246913381995525
0.001525450379171791
0.0015264188844804668
0.0015247921966382069
0.001523766437351171
0.0015265065854833757
0.0015294339860477488
0.0015305726888278231
0.0015293418506087367
0.0015275264972152665
0.0015280940526435994
0.0015257075968519085
0.0015237183130790708
0.001521934966444867
0.0015211193645244263
0.0015185724222929757
0.0015197035891307733
0.001518128038241697
0.0015155982067426939
0.0015161690616044545
0.0015175071430221722
0.0015163430917547289
0.0015140338275319739
0.001514414180294082
0.0015153613013992944
0.0015161116945343932
0.0015176239339779617
0.0015179940212286626
0.0015183534208063532
0.001516063896362203
0.0015166344385976035
0.0015196330622138595
0.0015207455115760274
0.0015225866689474285
0.0015195660923036606
0.0015208594492903621
0.0015243771695910271
0.0015249104843724937
0.0015265526087943247
0.001523748286402955
0.0015224224678644408
0.0015218431643481687
0.0015240340674568076
0.0015234516379622354
0.001522315237047082
0.0015228492885278901
0.0015237391567000825
0.0015237198271630262
0.0015238766014660397
0.0015242167728105795
0.0015225742140964236
0.0015245586363134248
0.0015232639011895114
0.0015207146235749868
0.0015226769801957914
0.001520852996760162
0.0015227950659269503
0.001525280475443159
0.0015250685005430368
0.001525046014895985
0.001521455156792614
0.0015182563901007854
0.001518597195895713
0.0015207009695525245
0.001521395208146194
0.0015217341464532992
0.0015197748964079888
0.0015201011602790236
0.0015225295974106781
0.0015279317209040489
0.0015242320351596802
0.0015289161215522107
0.0015306134883034338
0.0015302115459797576
0.001530006812556193
0.001529284532876393
0.0015287318821922155
0.001528695544183014
0.0015296939424137097
0.0015312053278503988
0.001529802303791093
0.0015304507952642028
0.0015293887401846666
0.001530035634718036
0.0015327217944106554
0.0015328482664241333
0.0015341689108813443
0.0015344866721775778
0.0015349459220175947
0.0015359104029900776
0.001539749158413673
0.0015405412223754584
0.0015411558580795198
0.0015407813720265328
0.0015392314775283832
0.0015396874383148081
0.0015403069561410732
0.0015407624975038274
0.0015398849257978048
0.001539176768649962
0.0015409414082222168
0.0015405597985568619
0.001539682105029785
0.001539142391358045
0.0015402489121804557
0.0015410158076887101
0.0015422719883206857
0.0015428686834328962
0.0015423296454441628
0.001540168815181046
0.0015402895261125665
0.0015400820034489132
0.0015414934980922139
0.0015401546475015207
0.001540590742770021
0.0015426338758608587
0.0015437093531871094
0.0015412441450324767
0.0015415243482452868
0.0015408413680361146
0.0015428830893903767
0.0015417088055630689
0.0015416586967610304
0.0015422546014222463
0.001541257420133579
0.0015399605468126754
0.0015380132107239994
0.0015359109227779063
0.0015387129332840141
0.001537727998709416
0.0015337464321236894
0.001532297622875863
0.0015343046873358944
0.0015338150604730738
0.001533160738335776
0.0015349942660478906
0.0015338748905626457
0.0015325951358692949
0.0015316528393260432
0.0015348715184810634
0.0015370038145263898
0.0015375793522079608
0.0015367774913660115
0.0015356532979115822
0.0015357638110766508
0.0015360354318976082
0.0015366220008695996
0.001536737458995606
0.0015357845004231644
0.0015378820520279598
0.0015373883843626988
0.0015420461467197239
0.0015415385054234358
0.001543615244687955
0.0015450747570712796
0.001544574032039256
0.001546628075654706
0.001547776163517052
0.0015505788286609456
0.0015506704129729508
0.0015500177821161946
0.0015489101577515433
0.0015454245428126838
0.0015444762952428863
0.0015457616915184407
0.001546307248110395
0.001548926350779824
0.0015490106541292826
0.0015477875857457532
0.001548786154591036
0.0015529981495125437
0.0015541149609967538
0.0015555241597824654
0.0015566345018226484
0.0015556872958249733
0.0015545966894388833
0.0015539445931801326
0.001553003657799001
0.0015545417628476644
0.0015540562748489755
0.0015528335882243264
0.001552053659249499
0.0015535860705574974
0.0015514943635241453
0.0015486869986061347
0.001549062471179563
0.001547715552133054
0.0015480904717245691
0.0015490482578649119
0.0015512824479174724
0.0015519389529919847
0.0015524537815942033
0.0015515492037184424
0.001553207767868278
0.0015527360936456484
0.0015533934416456353
0.0015571611768647666
0.0015572377111425408
0.001558868398681432
0.0015590916145781892
0.0015602973070985198
0.0015610778249364483
0.0015607335823595912
0.0015615076426245475
0.0015614382080130509
0.0015613624279540617
0.0015615735673572301
0.0015638764922762357
0.0015640837500974615
0.0015640184349736195
0.0015635320644328888
0.0015619342575768245
0.0015607464397969823
0.0015588844006102437
0.0015593912236033485
0.001560025368887997
0.0015610610715302094
0.00156264342639227
0.0015606484558653626
0.0015604468930818989
0.001561338752806148
0.0015597701375556937
0.0015603956435660854
0.0015596583362282117
0.0015587888005267267
0.0015576424492155653
0.0015601601158954771
0.0015621262390071093
0.001564630736190361
0.0015661754456861984
0.0015661082666455187
0.001568188576704977
0.0015677059895803213
0.0015666976807650096
0.0015683760878620519
0.0015679061978882364
0.00156903947542976
0.0015683016309936332
0.0015694240522112293
0.0015686827286496817
0.0015698077227398878
0.001571323360294145
0.0015724427640249124
0.0015701110343643995
0.0015687156360989665
0.0015710183349628849
0.001572663979305703
0.001573771679155089
0.0015739545259798003
0.0015746526459995162
0.0015756235022085416
0.001579075777564925
0.0015788633256443943
0.0015786473345409382
0.001580125739704778
0.0015784693896954039
0.001577345224361434
0.0015758275310652102
0.0015754846073529317
0.0015751450702036164
0.0015757127264890997
0.0015761598420552657
0.0015778900475053683
0.0015767785755730367
0.0015774663433965439
0.0015789291790249188
0.0015796300059840352
0.0015796704880715739
0.001579587351478035
0.001581288967580813
0.001581327453684751
0.0015827729159418517
0.0015817984018538557
0.00158033175686754
0.0015807593331280446
0.0015800333024207636
0.0015824811866934736
0.0015815191433380556
0.0015807981896147276
0.0015804610019931732
0.0015816349401583355
0.0015835598750430385
0.0015834635853923121
0.0015836243453796685
0.0015845465146427215
0.0015835867622541514
0.0015831296240589481
0.0015830373007316124
0.0015828293032523397
0.0015822442228783375
0.0015804254532286522
0.001578231665680847
0.0015802585031349226
0.001579558398263479
0.001578362510782845
0.0015796350385329837
0.001578444891938159
0.0015783688081248298
0.0015782839928583532
0.0015795535159842475
0.0015811869570582459
0.0015799939827253256
0.0015794189045055785
0.0015788657605791062
0.0015781708142703665
0.0015801615339878995
0.0015783781875808648
0.0015780585106059681
0.0015788338233619452
0.0015781536944613453
0.0015774710958929988
0.0015754610370982418
0.0015756336777770397
0.0015730286521081522
0.0015717551417353684
0.0015722848538434178
0.0015726979609936536
0.001571902625392743
0.0015706366024407126
0.0015723622444862716
0.0015726554815851254
0.0015737872926237068
0.0015737205749228034
0.0015744829825640996
0.0015763089500109094
0.0015756508460148626
0.0015737983155222493
0.0015714711043695044
0.001569156032403636
0.001571334563531773
0.0015730394261474713
0.0015729662208076505
0.0015734973284556634
0.0015728388589987712
0.00157277208783813
0.00157422771631219
0.001575447918651836
0.001577019616418446
0.001575772590682262
0.0015765340225167932
0.0015755250156109205
0.0015760489714139272
0.0015750488939666998
0.0015751014800068235
0.0015743477217323644
0.001573815229275612
0.0015762891653977394
0.0015766788786838128
0.0015771831381529617
0.0015781490480060926
0.0015770481838036682
0.0015760643289026428
0.0015762209958670855
0.0015741997356425843
0.0015743701945920758
0.0015767201426678205
0.001577914831547247
0.001577159033291968
0.001575714995477825
0.0015757769099032748
0.0015751391491021305
0.0015766704059303068
0.0015780779945238708
0.001579478636785079
0.0015811003685901467
0.0015806863802799592
0.001579707186649071
0.0015791833075230256
0.001580469036822417
0.0015805178613863171
0.0015807783916921999
0.0015823851475170023
0.0015826456900392442
0.001583132990905455
0.0015811553576734582
0.0015803066511153035
0.001581137487448187
0.0015811773100791037
0.0015828871344279831
0.0015825856201776704
0.0015847313046786356
0.001586099246867277
0.001585915088672604
0.001585391631033229
0.0015870873921341592
0.0015859009851789893
0.0015879223511904104
0.0015882793885304918
0.0015879803509081095
0.0015876830537201075
0.0015868282949756196
0.001586962644323462
0.0015872143173194186
0.0015862612034505444
0.0015861818450690793
0.0015863246410277813
0.0015842831775431687
0.0015849693791862179
0.0015853235777081017
0.00158438814206123
0.0015840973151898233
0.001584683094847375
0.001584926939731646
0.001584423409855204
0.0015849972231257396
0.0015849274867659432
0.0015836660070373408
0.0015829479261725264
0.0015835218356635716
0.0015855970255170724
0.0015855263256816224
0.0015866290503709062
0.001585805881393561
0.0015841275869347513
0.0015845914088699698
0.0015837655210035626
0.0015845531312146006
0.001584054211240474
0.0015851523029851346
0.001585821312069051
0.001586588957198551
0.0015876751409858282
0.0015883387500932463
0.0015895331237629525
0.0015906224771113605
0.0015907542304647534
0.001593000891614227
0.0015930273605235011
0.0015927353144262184
0.0015929702914707444
0.0015947868254260992
0.001595228168797764
0.0015938847056441632
0.0015957882223978019
0.0015971707395622792
0.0015941587429179253
0.001594702017985737
0.00159399946056384
0.0015929867876337566
0.001593946854815362
0.001592724393626755
0.0015929526676165878
0.0015940103044869336
0.001593723280913795
0.0015952955548812285
0.0015961418818497032
0.0015956447749580235
0.0015951451302444568
0.0015939267311153857
0.0015972386089481776
0.001597056633692015
0.0015958450293370055
0.0015959637033924668
0.0015960863711251218
0.0015936536433837605
0.0015953147889582416
0.0015938078979489247
0.0015942408974966152
0.0015939582444928764
0.0015941778710008047
0.0015938039590888326
0.0015940258720063558
0.0015946588779614658
0.0015943724395653834
0.0015953048041087265
0.0015964390221213794
0.0015966604945928027
0.001596570749159073
0.0015957775983273753
0.0015952991044235136
0.0015974317985556809
0.0015978513464500398
0.001597363846580006
0.001597682642072769
0.0015982993003788146
0.0016001171343269008
0.0016009326910180668
0.0016025490631051958
0.0016033625959619008
0.0016027719778342196
0.001603180056365457
0.0016019991398342063
0.0016022136374894999
0.001603618853468202
0.0016016540274674882
0.0016013750950691933
0.0016013864787171146
0.0016012065698004245
0.0016009729454447834
0.0015998085307346623
0.0015988444530416973
0.0015991535724637724
0.0015997704370581188
0.001601357220018141
0.001604309519895449
0.001604808630128906
0.0016023705324937575
0.001603461068504038
0.0016037619552586727
0.0016047562515259346
0.0016046690177929268
0.0016042014970372436
0.0016058676564065337
0.0016065582660356502
0.0016042409804556232
0.0016049259270179011
0.0016061988769372581
0.0016069787686099626
0.0016066966052868874
0.001607583724847773
0.0016076887300404883
0.0016100133969771684
0.0016091555439827342
0.0016100235939584227
0.0016110833268624437
0.0016116639839602123
0.0016108066976335928
0.0016091803257327242
0.0016081333717214705
0.0016091927535480791
0.001608146663090301
0.0016079627423860516
0.0016095987635902024
0.0016094168205045374
0.0016109468559028742
0.0016107642363339407
0.0016105835103062721
0.0016109704495663544
0.0016106009644132168
0.001610230993608398
0.0016097659655399195
0.001610525536082858
0.0016108168362155703
0.0016113910451003735
0.0016112132548613109
0.0016102769003408343
0.0016104690429685296
0.0016102836124075215
0.0016121739411102502
0.0016150859020137944
0.0016147103854815827
0.001613869364823303
0.0016124701492202535
0.0016131271563137465
0.0016129421908684092
0.0016109891953091148
0.0016122033785962657
0.0016107178383751356
0.001611187824386125
0.0016111993729797645
0.0016107412734224097
0.0016114910677709569
0.001610574106538474
0.001611590749472334
0.0016101173888151883
0.0016104019902958313
0.0016111416466045095
0.001612162405359111
0.0016120678486856682
0.0016126190074357931
0.0016141884568754157
0.0016137370753323485
0.0016146587596927646
0.0016155742335906115
0.0016159399461397566
0.001616493650277497
0.0016164068594652556
0.0016177776618293044
0.0016176847976769678
0.0016165879839931273
0.0016145904677289287
0.0016150593418959747
0.0016156965754104912
0.001615965995263092
0.0016143347214822386
0.001613159759054162
0.0016134322867151993
0.0016134393632854034
0.0016116373135662144
0.0016119131285304634
0.0016112804996161055
0.0016106554521824554
0.001611113579044809
0.001611566787992171
0.001610593182611293
0.0016112259494156698
0.0016089896115902974
0.0016081051956639493
0.0016064185385899015
0.0016051779848542916
0.0016050110491912135
0.0016042162543698259
0.0016032510704226959
0.0016024596992098973
0.0016025603977189772
0.0016024846651653852
0.0016024147625663344
0.0016019852034547144
0.0016018216327795393
0.0016032511342524412
0.0016021115147601074
0.0016005391122262964
0.0016008182082309411
0.0016001260190996705
0.0016001432392147743
0.001600691314527339
0.001600874551227546
0.0015993083492676313
0.0015985377525497876
0.0015989975952668566
0.001599016318819092
0.0016014818121345797
0.0016008830226693204
0.0016012449492191765
0.001601702162870728
0.0016015360933271663
0.0016007657573044562
0.0016010427657927278
0.0016014087405083425
0.001603159217419365
0.001602825914663523
0.0016034458355203202
0.0016043312459545665
0.0016030449565061866
0.0016029699476380016
0.00160247159591714
0.0016017118193895688
0.0016013835974984078
0.0016011388365783127
0.0016004695267399147
0.001600230439721105
0.001600075804259993
0.0015988046092766002
0.0015980507251399938
0.0015984146695608259
0.0015974953212186567
0.0015974950476090647
0.0015972571830263837
0.0015971063210815214
0.0015984905927232582
0.0015980867245717913
0.0015993818420404703
0.0015983770279697348
0.0015984825043257086
0.0015979877219990685
0.001598688547429084
0.0015983650246524502
0.0015977047830784779
0.0015983119541644266
0.0015999397649818525
0.0016002993523279473
0.0015996456845541382
0.001598904428499042
0.0015991753124799145
0.001600200401646024
0.0015985298602456206
0.0015998036550115922
0.0015998222517778185
0.0016002652629931251
0.0016007819976430328
0.001599542533978831
0.0016004825924982914
0.0015989945244275269
0.0015998514126582836
0.0016008722651913395
0.0016008025942345484
0.0016004037648024163
0.0016002539777545347
0.0015998523283671047
0.0016001164703980221
0.0016010435939891885
0.001602059835694686
0.001602154926060769
0.0016036627917577655
0.0016018583768144265
0.00160120956652649
0.0016017223583701726
0.0016019878070113566
0.0016006010511215286
0.00160061147798361
0.0015988990647932545
0.0015992404405254
0.001600159767214202
0.0015998445119982279
0.0016001915410947265
0.0016010272231018732
0.001603013003088465
0.0016043353266151847
0.0016050845327749193
0.001605670807587452
0.0016061696843695363
0.0016056110808278959
0.0016052959335954519
0.0016052230958898664
0.0016062932690531152
0.001606303637314371
0.001606074926355985
0.0016058455611758537
0.001607150215425008
0.0016070790335116613
0.0016088670553876367
0.0016083142929266777
0.0016090520002470458
0.0016089784068438232
0.0016074577420174883
0.0016073036937767253
0.0016059442637257246
0.001606518049173632
0.0016066111280818598
0.0016075893276175316
0.0016063091147287833
0.0016063136596730612
0.0016054436589935306
0.0016033727191529005
0.0016025930858406515
0.0016024474979311005
0.0016022237997931476
0.0016013608643808493
0.0016013802740289789
0.00160131791909357
0.0016017295852880943
0.001601347540130649
0.001601678748993846
0.0016011359910638038
0.0016018669196397324
0.0016012519646691782
0.001601196929416056
0.001601527904127681
0.0016020907995801632
0.0016025818335624138
0.0016032279578413805
0.0016026918074129877
0.0016031775888366731
0.0016029523893543213
0.00160351408783252
0.0016034404581993151
0.001601567085453945
0.0016011917211041626
0.0016019926216050636
0.0016016936439209356
0.0016017842215571066
0.001601878911921915
0.0016023668829660955
0.0016026925531756988
0.0016033291702443214
0.001603268550299716
0.0016042146262696794
0.0016050807864512362
0.0016039221587075539
0.0016039362506811905
0.001602167257212384
0.001603261869248619
0.0016025002237300238
0.001602436200486831
0.001602453178535919
0.0016022370551933096
0.001601863466575311
0.0016007941313676483
0.0015997319638165043
0.0015996729596916574
0.0015994597082621858
0.0016004057782052728
0.0016023444256083412
0.0016029715685213517
0.0016028348717394183
0.0016015473202067882
0.0016030949399331565
0.001603417672136262
0.0016041226547430908
0.001604133660352096
0.0016049839129009852
0.0016038533261098042
0.0016033342790484225
0.001602883509069962
0.0016028971723093604
0.0016029859626776743
0.0016046768443068115
0.0016040064724968288
0.0016047766811566467
0.0016045628386274302
0.001607309098469306
0.0016065649508255244
0.001607335303820041
0.0016080270909060927
0.0016076666734691255
0.001607680555125493
0.0016077002383600443
0.001608839070624312
0.0016079405913559646
0.0016073519341299081
0.001606229648732401
0.0016072166808229166
0.001608876423870187
0.0016073147163077988
0.0016076993796942864
0.001607930928186216
0.0016081681322122083
0.00160892600163569
0.00161065279046507
0.0016108130952619264
0.00161082099121291
0.0016099382611824045
0.0016111365057998007
0.0016115885002280755
0.0016121897939474386
0.0016127930267597292
0.0016122807682221732
0.0016120623961992078
0.0016119915123871144
0.0016120713563314891
0.0016130423802932785
0.0016133411318240431
0.001613052420682208
0.0016125377381227335
0.001612693533559795
0.001613653414460158
0.0016138777751061126
0.0016145470503254175
0.001614626265897315
0.001614336462393765
0.001614417853528428
0.0016146478743342563
0.0016156791887474871
0.0016156815449133405
0.001615176760472889
0.0016148923597863272
0.0016157771032587578
0.0016149765507619503
0.0016144648867170445
0.0016150510548871783
0.0016156464569356866
0.001616672510697783
0.0016173324654067168
0.0016169735200282297
0.0016175574219525863
0.0016186513090362315
